0.000000
-0.000057
-0.000099
-0.000116
-0.000106
-0.000081
-0.000054
-0.000040
-0.000051
-0.000084
-0.000130
-0.000175
-0.000202
-0.000202
-0.000175
-0.000130
-0.000084
-0.000051
-0.000040
-0.000054
-0.000081
-0.000106
-0.000116
-0.000099
-0.000057
0.000000
0.000057
0.000099
0.000116
0.000106
0.000081
0.000054
0.000040
0.000051
0.000084
0.000130
0.000175
0.000202
0.000202
0.000175
0.000130
0.000084
0.000051
0.000040
0.000054
0.000081
0.000106
0.000116
0.000099
0.000057
0.000000
-0.000057
-0.000099
-0.000116
-0.000106
-0.000081
-0.000054
-0.000040
-0.000051
-0.000084
-0.000130
-0.000175
-0.000202
-0.000202
-0.000175
-0.000130
-0.000084
-0.000051
-0.000040
-0.000054
-0.000081
-0.000106
-0.000116
-0.000099
-0.000057
-0.000000
0.000057
0.000099
0.000116
0.000106
0.000081
0.000054
0.000040
0.000051
0.000084
0.000130
0.000175
0.000202
0.000202
0.000175
0.000130
0.000084
0.000051
0.000040
0.000054
0.000081
0.000106
0.000116
0.000099
0.000057
0.000000
-0.000057
-0.000099
-0.000116
-0.000106
-0.000081
-0.000054
-0.000040
-0.000051
-0.000084
-0.000130
-0.000175
-0.000202
-0.000202
-0.000175
-0.000130
-0.000084
-0.000051
-0.000040
-0.000054
-0.000081
-0.000106
-0.000116
-0.000099
-0.000057
-0.000000
0.000057
0.000099
0.000116
0.000106
0.000081
0.000054
0.000040
0.000051
0.000084
0.000130
0.000175
0.000202
0.000202
0.000175
0.000130
0.000084
0.000051
0.000040
0.000054
0.000081
0.000106
0.000116
0.000099
0.000057
0.000000
-0.000057
-0.000099
-0.000116
-0.000106
-0.000081
-0.000054
-0.000040
-0.000051
-0.000084
-0.000130
-0.000175
-0.000202
-0.000202
-0.000175
-0.000130
-0.000084
-0.000051
-0.000040
-0.000054
-0.000081
-0.000106
-0.000116
-0.000099
-0.000057
-0.000000
0.000057
0.000099
0.000116
0.000106
0.000081
0.000054
0.000040
0.000051
0.000084
0.000130
0.000175
0.000202
0.000202
0.000175
0.000130
0.000084
0.000051
0.000040
0.000054
0.000081
0.000106
0.000116
0.000099
0.000057
0.000000
-0.000057
-0.000099
-0.000116
-0.000106
-0.000081
-0.000054
-0.000040
-0.000051
-0.000084
-0.000130
-0.000175
-0.000202
-0.000202
-0.000175
-0.000130
-0.000084
-0.000051
-0.000040
-0.000054
-0.000081
-0.000106
-0.000116
-0.000099
-0.000057
-0.000000
0.000057
0.000099
0.000116
0.000106
0.000081
0.000054
0.000040
0.000051
0.000084
0.000130
0.000175
0.000202
0.000202
0.000175
0.000130
0.000084
0.000051
0.000040
0.000054
0.000081
0.000106
0.000116
0.000099
0.000057
0.000000
-0.000057
-0.000099
-0.000116
-0.000106
-0.000081
-0.000054
-0.000040
-0.000051
-0.000084
-0.000130
-0.000175
-0.000202
-0.000202
-0.000175
-0.000130
-0.000084
-0.000051
-0.000040
-0.000054
-0.000081
-0.000106
-0.000116
-0.000099
-0.000057
-0.000000
0.000057
0.000099
0.000116
0.000106
0.000081
0.000054
0.000040
0.000051
0.000084
0.000130
0.000175
0.000202
0.000202
0.000175
0.000130
0.000084
0.000051
0.000040
0.000054
0.000081
0.000106
0.000116
0.000099
0.000057
0.000000
-0.000057
-0.000099
-0.000116
-0.000106
-0.000081
-0.000054
-0.000040
-0.000051
-0.000084
-0.000130
-0.000175
-0.000202
-0.000202
-0.000175
-0.000130
-0.000084
-0.000051
-0.000040
-0.000054
-0.000081
-0.000106
-0.000116
-0.000099
-0.000057
-0.000000
0.000057
0.000099
0.000116
0.000106
0.000081
0.000054
0.000040
0.000051
0.000084
0.000130
0.000175
0.000202
0.000202
0.000175
0.000130
0.000084
0.000051
0.000040
0.000054
0.000081
0.000106
0.000116
0.000099
0.000057
0.000000
-0.000057
-0.000099
-0.000116
-0.000106
-0.000081
-0.000054
-0.000040
-0.000051
-0.000084
-0.000130
-0.000175
-0.000202
-0.000202
-0.000175
-0.000130
-0.000084
-0.000051
-0.000040
-0.000054
-0.000081
-0.000106
-0.000116
-0.000099
-0.000057
-0.000000
0.000057
0.000099
0.000116
0.000106
0.000081
0.000054
0.000040
0.000051
0.000084
0.000130
0.000175
0.000202
0.000202
0.000175
0.000130
0.000084
0.000051
0.000040
0.000054
0.000081
0.000106
0.000116
0.000099
0.000057
0.000000
-0.000057
-0.000099
-0.000116
-0.000106
-0.000081
-0.000054
-0.000040
-0.000051
-0.000084
-0.000130
-0.000175
-0.000202
-0.000202
-0.000175
-0.000130
-0.000084
-0.000051
-0.000040
-0.000054
-0.000081
-0.000106
-0.000116
-0.000099
-0.000057
-0.000000
0.000057
0.000099
0.000116
0.000106
0.000081
0.000054
0.000040
0.000051
0.000084
0.000130
0.000175
0.000202
0.000202
0.000175
0.000130
0.000084
0.000051
0.000040
0.000054
0.000081
0.000106
0.000116
0.000099
0.000057
0.000000
-0.000057
-0.000099
-0.000116
-0.000106
-0.000081
-0.000054
-0.000040
-0.000051
-0.000084
-0.000130
-0.000175
-0.000202
-0.000202
-0.000175
-0.000130
-0.000084
-0.000051
-0.000040
-0.000054
-0.000081
-0.000106
-0.000116
-0.000099
-0.000057
-0.000000
0.000057
0.000099
0.000116
0.000106
0.000081
0.000054
0.000040
0.000051
0.000084
0.000130
0.000175
0.000202
0.000202
0.000175
0.000130
0.000084
0.000051
0.000040
0.000054
0.000081
0.000106
0.000116
0.000099
0.000057
0.000000
-0.000057
-0.000099
-0.000116
-0.000106
-0.000081
-0.000054
-0.000040
-0.000051
-0.000084
-0.000130
-0.000175
-0.000202
-0.000202
-0.000175
-0.000130
-0.000084
-0.000051
-0.000040
-0.000054
-0.000081
-0.000106
-0.000116
-0.000099
-0.000057
-0.000000
0.000057
0.000099
0.000116
0.000106
0.000081
0.000054
0.000040
0.000051
0.000084
0.000130
0.000175
0.000202
0.000202
0.000175
0.000130
0.000084
0.000051
0.000040
0.000054
0.000081
0.000106
0.000116
0.000099
0.000057
0.000000
-0.000057
-0.000099
-0.000116
-0.000106
-0.000081
-0.000054
-0.000040
-0.000051
-0.000084
-0.000130
-0.000175
-0.000202
-0.000202
-0.000175
-0.000130
-0.000084
-0.000051
-0.000040
-0.000054
-0.000081
-0.000106
-0.000116
-0.000099
-0.000057
-0.000000
0.000057
0.000099
0.000116
0.000106
0.000081
0.000054
0.000040
0.000051
0.000084
0.000130
0.000175
0.000202
0.000202
0.000175
0.000130
0.000084
0.000051
0.000040
0.000054
0.000081
0.000106
0.000116
0.000099
0.000057
0.000000
-0.000057
-0.000099
-0.000116
-0.000106
-0.000081
-0.000054
-0.000040
-0.000051
-0.000084
-0.000130
-0.000175
-0.000202
-0.000202
-0.000175
-0.000130
-0.000084
-0.000051
-0.000040
-0.000054
-0.000081
-0.000106
-0.000116
-0.000099
-0.000057
-0.000000
0.000057
0.000099
0.000116
0.000106
0.000081
0.000054
0.000040
0.000051
0.000084
0.000130
0.000175
0.000202
0.000202
0.000175
0.000130
0.000084
0.000051
0.000040
0.000054
0.000081
0.000106
0.000116
0.000099
0.000057
0.000000
-0.000057
-0.000099
-0.000116
-0.000106
-0.000081
-0.000054
-0.000040
-0.000051
-0.000084
-0.000130
-0.000175
-0.000202
-0.000202
-0.000175
-0.000130
-0.000084
-0.000051
-0.000040
-0.000054
-0.000081
-0.000106
-0.000116
-0.000099
-0.000057
-0.000000
0.000057
0.000099
0.000116
0.000106
0.000081
0.000054
0.000040
0.000051
0.000084
0.000130
0.000175
0.000202
0.000202
0.000175
0.000130
0.000084
0.000051
0.000040
0.000054
0.000081
0.000106
0.000116
0.000099
0.000057
0.000000
-0.000057
-0.000099
-0.000116
-0.000106
-0.000081
-0.000054
-0.000040
-0.000051
-0.000084
-0.000130
-0.000175
-0.000202
-0.000202
-0.000175
-0.000130
-0.000084
-0.000051
-0.000040
-0.000054
-0.000081
-0.000106
-0.000116
-0.000099
-0.000057
-0.000000
0.000057
0.000099
0.000116
0.000106
0.000081
0.000054
0.000040
0.000051
0.000084
0.000130
0.000175
0.000202
0.000202
0.000175
0.000130
0.000084
0.000051
0.000040
0.000054
0.000081
0.000106
0.000116
0.000099
0.000057
0.000000
-0.000057
-0.000099
-0.000116
-0.000106
-0.000081
-0.000054
-0.000040
-0.000051
-0.000084
-0.000130
-0.000175
-0.000202
-0.000202
-0.000175
-0.000130
-0.000084
-0.000051
-0.000040
-0.000054
-0.000081
-0.000106
-0.000116
-0.000099
-0.000057
-0.000000
0.000057
0.000099
0.000116
0.000106
0.000081
0.000054
0.000040
0.000051
0.000084
0.000130
0.000175
0.000202
0.000202
0.000175
0.000130
0.000084
0.000051
0.000040
0.000054
0.000081
0.000106
0.000116
0.000099
0.000057
0.000000
-0.000057
-0.000099
-0.000116
-0.000106
-0.000081
-0.000054
-0.000040
-0.000051
-0.000084
-0.000130
-0.000175
-0.000202
-0.000202
-0.000175
-0.000130
-0.000084
-0.000051
-0.000040
-0.000054
-0.000081
-0.000106
-0.000116
-0.000099
-0.000057
-0.000000
0.000057
0.000099
0.000116
0.000106
0.000081
0.000054
0.000040
0.000051
0.000084
0.000130
0.000175
0.000202
0.000202
0.000175
0.000130
0.000084
0.000051
0.000040
0.000054
0.000081
0.000106
0.000116
0.000099
0.000057
0.000000
-0.000057
-0.000099
-0.000116
-0.000106
-0.000081
-0.000054
-0.000040
-0.000051
-0.000084
-0.000130
-0.000175
-0.000202
-0.000202
-0.000175
-0.000130
-0.000084
-0.000051
-0.000040
-0.000054
-0.000081
-0.000106
-0.000116
-0.000099
-0.000057
-0.000000
0.000057
0.000099
0.000116
0.000106
0.000081
0.000054
0.000040
0.000051
0.000084
0.000130
0.000175
0.000202
0.000202
0.000175
0.000130
0.000084
0.000051
0.000040
0.000054
0.000081
0.000106
0.000116
0.000099
0.000057
0.000000
-0.000057
-0.000099
-0.000116
-0.000106
-0.000081
-0.000054
-0.000040
-0.000051
-0.000084
-0.000130
-0.000175
-0.000202
-0.000202
-0.000175
-0.000130
-0.000084
-0.000051
-0.000040
-0.000054
-0.000081
-0.000106
-0.000116
-0.000099
-0.000057
-0.000000
0.000057
0.000099
0.000116
0.000106
0.000081
0.000054
0.000040
0.000051
0.000084
0.000130
0.000175
0.000202
0.000202
0.000175
0.000130
0.000084
0.000051
0.000040
0.000054
0.000081
0.000106
0.000116
0.000099
0.000057
0.000000
-0.000057
-0.000099
-0.000116
-0.000106
-0.000081
-0.000054
-0.000040
-0.000051
-0.000084
-0.000130
-0.000175
-0.000202
-0.000202
-0.000175
-0.000130
-0.000084
-0.000051
-0.000040
-0.000054
-0.000081
-0.000106
-0.000116
-0.000099
-0.000057
-0.000000
0.000057
0.000099
0.000116
0.000106
0.000081
0.000054
0.000040
0.000051
0.000084
0.000130
0.000175
0.000202
0.000202
0.000175
0.000130
0.000084
0.000051
0.000040
0.000054
0.000081
0.000106
0.000116
0.000099
0.000057
0.000057
