0.000000
0.419226
0.724218
0.843653
0.775646
0.587785
0.390655
0.294985
0.368800
0.610934
0.951056
1.276180
1.473555
1.473555
1.276180
0.951057
0.610934
0.368800
0.294985
0.390654
0.587785
0.775646
0.843653
0.724218
0.419226
0.000000
-0.419226
-0.724218
-0.843653
-0.775646
-0.587785
-0.390655
-0.294985
-0.368800
-0.610934
-0.951056
-1.276180
-1.473555
-1.473555
-1.276180
-0.951057
-0.610935
-0.368800
-0.294985
-0.390654
-0.587785
-0.775646
-0.843653
-0.724218
-0.419226
-0.000000
0.419226
0.724218
0.843653
0.775646
0.587785
0.390655
0.294985
0.368800
0.610934
0.951056
1.276180
1.473555
1.473555
1.276180
0.951057
0.610935
0.368800
0.294985
0.390654
0.587785
0.775646
0.843653
0.724218
0.419226
0.000001
-0.419225
-0.724218
-0.843653
-0.775647
-0.587786
-0.390655
-0.294985
-0.368799
-0.610934
-0.951056
-1.276179
-1.473555
-1.473555
-1.276180
-0.951057
-0.610935
-0.368800
-0.294985
-0.390654
-0.587785
-0.775646
-0.843653
-0.724218
-0.419226
-0.000001
0.419225
0.724218
0.843653
0.775647
0.587786
0.390655
0.294985
0.368799
0.610934
0.951056
1.276179
1.473555
1.473555
1.276180
0.951057
0.610935
0.368800
0.294985
0.390654
0.587785
0.775646
0.843653
0.724219
0.419227
0.000001
-0.419225
-0.724218
-0.843653
-0.775647
-0.587786
-0.390655
-0.294985
-0.368799
-0.610934
-0.951056
-1.276179
-1.473555
-1.473555
-1.276181
-0.951057
-0.610935
-0.368800
-0.294985
-0.390654
-0.587785
-0.775646
-0.843653
-0.724219
-0.419227
-0.000001
0.419225
0.724218
0.843653
0.775647
0.587786
0.390655
0.294985
0.368799
0.610934
0.951056
1.276179
1.473555
1.473555
1.276181
0.951057
0.610935
0.368800
0.294985
0.390654
0.587785
0.775646
0.843653
0.724219
0.419227
0.000001
-0.419225
-0.724217
-0.843653
-0.775647
-0.587786
-0.390655
-0.294985
-0.368799
-0.610933
-0.951055
-1.276179
-1.473555
-1.473555
-1.276181
-0.951058
-0.610935
-0.368800
-0.294985
-0.390654
-0.587785
-0.775646
-0.843653
-0.724219
-0.419227
-0.000002
0.419225
0.724217
0.843653
0.775647
0.587786
0.390655
0.294985
0.368799
0.610933
0.951055
1.276179
1.473555
1.473555
1.276181
0.951058
0.610936
0.368800
0.294985
0.390654
0.587784
0.775646
0.843653
0.724219
0.419227
0.000002
-0.419224
-0.724217
-0.843653
-0.775647
-0.587786
-0.390655
-0.294985
-0.368799
-0.610933
-0.951055
-1.276179
-1.473555
-1.473555
-1.276181
-0.951058
-0.610936
-0.368800
-0.294985
-0.390654
-0.587784
-0.775646
-0.843653
-0.724219
-0.419227
-0.000002
0.419224
0.724217
0.843653
0.775647
0.587786
0.390655
0.294985
0.368799
0.610933
0.951055
1.276179
1.473554
1.473555
1.276181
0.951058
0.610936
0.368800
0.294985
0.390654
0.587784
0.775646
0.843653
0.724219
0.419228
0.000002
-0.419224
-0.724217
-0.843653
-0.775647
-0.587786
-0.390655
-0.294985
-0.368799
-0.610933
-0.951055
-1.276178
-1.473554
-1.473555
-1.276181
-0.951058
-0.610936
-0.368800
-0.294985
-0.390654
-0.587784
-0.775646
-0.843653
-0.724219
-0.419228
-0.000002
0.419224
0.724217
0.843653
0.775647
0.587786
0.390655
0.294985
0.368799
0.610933
0.951055
1.276178
1.473554
1.473556
1.276181
0.951058
0.610936
0.368801
0.294985
0.390654
0.587784
0.775645
0.843653
0.724219
0.419228
0.000002
-0.419224
-0.724217
-0.843653
-0.775647
-0.587786
-0.390655
-0.294985
-0.368799
-0.610933
-0.951055
-1.276178
-1.473554
-1.473556
-1.276181
-0.951059
-0.610936
-0.368801
-0.294985
-0.390654
-0.587784
-0.775645
-0.843653
-0.724219
-0.419228
-0.000003
0.419224
0.724217
0.843653
0.775647
0.587787
0.390655
0.294985
0.368799
0.610933
0.951054
1.276178
1.473554
1.473556
1.276182
0.951059
0.610936
0.368801
0.294985
0.390653
0.587784
0.775645
0.843653
0.724220
0.419228
0.000003
-0.419223
-0.724217
-0.843653
-0.775647
-0.587787
-0.390656
-0.294985
-0.368799
-0.610932
-0.951054
-1.276178
-1.473554
-1.473556
-1.276182
-0.951059
-0.610936
-0.368801
-0.294985
-0.390653
-0.587784
-0.775645
-0.843653
-0.724220
-0.419228
-0.000003
0.419223
0.724217
0.843653
0.775647
0.587787
0.390656
0.294985
0.368799
0.610932
0.951054
1.276178
1.473554
1.473556
1.276182
0.951059
0.610937
0.368801
0.294985
0.390653
0.587784
0.775645
0.843653
0.724220
0.419229
0.000003
-0.419223
-0.724217
-0.843653
-0.775647
-0.587787
-0.390656
-0.294985
-0.368798
-0.610932
-0.951054
-1.276178
-1.473554
-1.473556
-1.276182
-0.951059
-0.610937
-0.368801
-0.294985
-0.390653
-0.587784
-0.775645
-0.843653
-0.724220
-0.419229
-0.000003
0.419223
0.724216
0.843653
0.775647
0.587787
0.390656
0.294985
0.368798
0.610932
0.951054
1.276178
1.473554
1.473556
1.276182
0.951059
0.610937
0.368801
0.294985
0.390653
0.587784
0.775645
0.843653
0.724220
0.419229
0.000004
-0.419223
-0.724216
-0.843653
-0.775647
-0.587787
-0.390656
-0.294985
-0.368798
-0.610932
-0.951054
-1.276178
-1.473554
-1.473556
-1.276182
-0.951059
-0.610937
-0.368801
-0.294985
-0.390653
-0.587783
-0.775645
-0.843653
-0.724220
-0.419229
-0.000004
0.419223
0.724216
0.843653
0.775648
0.587787
0.390656
0.294985
0.368798
0.610932
0.951053
1.276177
1.473554
1.473556
1.276182
0.951060
0.610937
0.368801
0.294985
0.390653
0.587783
0.775645
0.843653
0.724220
0.419229
0.000004
-0.419222
-0.724216
-0.843653
-0.775648
-0.587787
-0.390656
-0.294985
-0.368798
-0.610932
-0.951053
-1.276177
-1.473554
-1.473556
-1.276182
-0.951060
-0.610937
-0.368801
-0.294985
-0.390653
-0.587783
-0.775645
-0.843653
-0.724220
-0.419229
-0.000004
0.419222
0.724216
0.843653
0.775648
0.587787
0.390656
0.294985
0.368798
0.610932
0.951053
1.276177
1.473554
1.473556
1.276183
0.951060
0.610937
0.368801
0.294985
0.390653
0.587783
0.775645
0.843653
0.724220
0.419230
0.000004
-0.419222
-0.724216
-0.843653
-0.775648
-0.587787
-0.390656
-0.294985
-0.368798
-0.610931
-0.951053
-1.276177
-1.473554
-1.473556
-1.276183
-0.951060
-0.610938
-0.368801
-0.294985
-0.390653
-0.587783
-0.775645
-0.843653
-0.724220
-0.419230
-0.000005
0.419222
0.724216
0.843653
0.775648
0.587787
0.390656
0.294985
0.368798
0.610931
0.951053
1.276177
1.473554
1.473556
1.276183
0.951060
0.610938
0.368801
0.294985
0.390653
0.587783
0.775645
0.843653
0.724220
0.419230
0.000005
-0.419222
-0.724216
-0.843653
-0.775648
-0.587788
-0.390656
-0.294985
-0.368798
-0.610931
-0.951053
-1.276177
-1.473554
-1.473556
-1.276183
-0.951060
-0.610938
-0.368801
-0.294985
-0.390653
-0.587783
-0.775645
-0.843653
-0.724221
-0.419230
-0.000005
0.419222
0.724216
0.843653
0.775648
0.587788
0.390656
0.294985
0.368798
0.610931
0.951053
1.276177
1.473554
1.473556
1.276183
0.951061
0.610938
0.368802
0.294985
0.390653
0.587783
0.775645
0.843653
0.724221
0.419230
0.000005
-0.419221
-0.724216
-0.843653
-0.775648
-0.587788
-0.390656
-0.294985
-0.368798
-0.610931
-0.951052
-1.276177
-1.473554
-1.473556
-1.276183
-0.951061
-0.610938
-0.368802
-0.294985
-0.390653
-0.587783
-0.775645
-0.843653
-0.724221
-0.419230
-0.000005
0.419221
0.724216
0.843653
0.775648
0.587788
0.390656
0.294985
0.368798
0.610931
0.951052
1.276176
1.473554
1.473556
1.276183
0.951061
0.610938
0.368802
0.294985
0.390652
0.587783
0.775645
0.843653
0.724221
0.419231
0.000005
-0.419221
-0.724215
-0.843653
-0.775648
-0.587788
-0.390657
-0.294985
-0.368798
-0.610931
-0.951052
-1.276176
-1.473554
-1.473556
-1.276183
-0.951061
-0.610938
-0.368802
-0.294985
-0.390652
-0.587783
-0.775644
-0.843653
-0.724221
-0.419231
-0.000006
0.419221
0.724215
0.843653
0.775648
0.587788
0.390657
0.294985
0.368798
0.610930
0.951052
1.276176
1.473554
1.473556
1.276183
0.951061
0.610938
0.368802
0.294985
0.390652
0.587782
0.775644
0.843653
0.724221
0.419231
0.000006
-0.419221
-0.724215
-0.843653
-0.775648
-0.587788
-0.390657
-0.294985
-0.368797
-0.610930
-0.951052
-1.276176
-1.473554
-1.473556
-1.276184
-0.951061
-0.610939
-0.368802
-0.294985
-0.390652
-0.587782
-0.775644
-0.843653
-0.724221
-0.419231
-0.000006
0.419221
0.724215
0.843653
0.775648
0.587788
0.390657
0.294985
0.368797
0.610930
0.951052
1.276176
1.473554
1.473556
1.276184
0.951061
0.610939
0.368802
0.294985
0.390652
0.587782
0.775644
0.843653
0.724221
0.419231
0.000006
-0.419221
-0.724215
-0.843653
-0.775648
-0.587788
-0.390657
-0.294985
-0.368797
-0.610930
-0.951051
-1.276176
-1.473554
-1.473557
-1.276184
-0.951062
-0.610939
-0.368802
-0.294985
-0.390652
-0.587782
-0.775644
-0.843653
-0.724221
-0.419231
-0.000006
0.419220
0.724215
0.843653
0.775648
0.587788
0.390657
0.294985
0.368797
0.610930
0.951051
1.276176
1.473553
1.473557
1.276184
0.951062
0.610939
0.368802
0.294985
0.390652
0.587782
0.775644
0.843653
0.724221
0.419232
0.000007
-0.419220
-0.724215
-0.843652
-0.775648
-0.587788
-0.390657
-0.294985
-0.368797
-0.610930
-0.951051
-1.276176
-1.473553
-1.473557
-1.276184
-0.951062
-0.610939
-0.368802
-0.294985
-0.390652
-0.587782
-0.775644
-0.843653
-0.724221
-0.419232
-0.000007
0.419220
0.724215
0.843652
0.775649
0.587789
0.390657
0.294985
0.368797
0.610930
0.951051
1.276176
1.473553
1.473557
1.276184
0.951062
0.610939
0.368802
0.294985
0.390652
0.587782
0.775644
0.843653
0.724222
0.419232
0.000007
-0.419220
-0.724215
-0.843652
-0.775649
-0.587789
-0.390657
-0.294985
-0.368797
-0.610930
-0.951051
-1.276175
-1.473553
-1.473557
-1.276184
-0.951062
-0.610939
-0.368802
-0.294985
-0.390652
-0.587782
-0.775644
-0.843653
-0.724222
-0.419232
-0.000007
0.419220
0.724215
0.843652
0.775649
0.587789
0.390657
0.294985
0.368797
0.610929
0.951051
1.276175
1.473553
1.473557
1.276184
0.951062
0.610940
0.368802
0.294985
0.390652
0.587782
0.775644
0.843653
0.724222
0.419232
0.000007
-0.419220
-0.724214
-0.843652
-0.775649
-0.587789
-0.390657
-0.294985
-0.368797
-0.610929
-0.951051
-1.276175
-1.473553
-1.473557
-1.276185
-0.951063
-0.610940
-0.368802
-0.294985
-0.390652
-0.587782
-0.775644
-0.843653
-0.724222
-0.419232
